
> lane-siege@0.0.1 bots
> tsx src/headless/bots.ts --tables 36


36 tables, seeds 1-36, on 4 processes.

Played in 548s.


BY ARCHETYPE - the last wave each bot was standing at the end of
               bots   mean   10+   15+   20+    25   waves reached
  Banker         20   20.0   80%   70%   70%   70%   5 7 7 8 11 12 25 25 25 25 25 25 25 25 25 25 25 25 25 25
  Tactician      19   19.2   79%   68%   63%   16%   6 7 7 9 13 14 18 23 24 24 24 24 24 24 24 24 25 25 25
  Warden         19   15.5   95%   47%   21%    0%   7 10 11 11 12 12 12 12 12 14 17 17 17 17 18 24 24 24 24
  Raider         15   18.1   87%   73%   47%    0%   7 7 14 14 17 18 18 18 20 20 23 24 24 24 24
  Horde          16   14.3   75%   38%   25%    0%   6 6 7 9 10 11 12 12 12 13 17 17 24 24 24 24
  Specialist     14   12.9   64%   29%   21%    0%   6 6 7 7 8 12 12 12 12 14 16 21 24 24
  Rookie          5    8.8   40%   20%   20%    0%   2 4 7 11 20
  all           108   16.5   79%   54%   42%   16%   2 4 5 6 6 6 6 6 7 7 7 7 7 7 7 7 7 7 7 8 8 9 9 10 10 11 11 11 11 11 12 12 12 12 12 12 12 12 12 12 12 12 12 13 13 14 14 14 14 14 16 17 17 17 17 17 17 17 18 18 18 18 18 20 20 20 21 23 23 24 24 24 24 24 24 24 24 24 24 24 24 24 24 24 24 24 24 24 24 24 24 25 25 25 25 25 25 25 25 25 25 25 25 25 25 25 25 25

BY BUILDER
               bots   mean   10+   15+   20+    25   waves reached
  gloomtide      27   19.7   89%   70%   70%   26%   7 7 7 10 11 11 12 12 20 20 24 24 24 24 24 24 24 24 24 24 25 25 25 25 25 25 25
  ironvow        27   14.6   81%   41%   15%    4%   6 6 7 7 9 10 11 11 12 12 13 14 14 14 14 14 17 17 18 18 18 18 18 24 24 24 25
  pyre           27   18.0   81%   70%   52%   15%   4 5 7 7 8 12 12 12 16 17 17 17 17 21 23 23 24 24 24 24 24 24 24 25 25 25 25
  thornweald     27   13.7   63%   33%   30%   19%   2 6 6 6 7 7 7 7 8 9 11 12 12 12 12 12 12 13 17 20 24 24 25 25 25 25 25

Tables where some bot reached wave 20: 31/36; wave 25: 16/36.
