
> lane-siege@0.0.1 bots
> tsx src/headless/bots.ts --tables 36


36 tables, seeds 1-36, on 4 processes.

Played in 636s.


BY ARCHETYPE - the last wave each bot was standing at the end of
               bots   mean   10+   15+   20+    25   waves reached
  Banker         20   20.0   80%   70%   70%   65%   5 7 7 8 12 12 24 25 25 25 25 25 25 25 25 25 25 25 25 25
  Tactician      19   18.5   79%   58%   58%   16%   6 7 7 9 13 14 14 14 24 24 24 24 24 24 24 24 25 25 25
  Warden         19   14.9   95%   32%   21%    0%   7 11 12 12 12 12 12 12 12 12 12 14 14 17 17 24 24 24 24
  Raider         15   17.3   87%   73%   27%    0%   7 7 14 14 17 17 17 18 18 18 18 23 23 24 24
  Horde          16   14.1   75%   38%   25%    0%   6 6 7 9 10 12 12 12 12 14 17 17 20 24 24 24
  Specialist     14   10.9   50%   14%    7%    0%   6 6 7 7 7 7 8 12 12 12 12 14 19 24
  Rookie          5    7.8   40%   20%    0%    0%   2 4 5 12 16
  all           108   15.9   77%   47%   35%   15%   2 4 5 5 6 6 6 6 6 7 7 7 7 7 7 7 7 7 7 7 7 8 8 9 9 10 11 12 12 12 12 12 12 12 12 12 12 12 12 12 12 12 12 12 12 12 12 13 14 14 14 14 14 14 14 14 14 16 17 17 17 17 17 17 17 18 18 18 18 19 20 23 23 24 24 24 24 24 24 24 24 24 24 24 24 24 24 24 24 24 24 24 25 25 25 25 25 25 25 25 25 25 25 25 25 25 25 25

BY BUILDER
               bots   mean   10+   15+   20+    25   waves reached
  gloomtide      27   18.4   85%   63%   56%   22%   7 7 7 7 10 11 12 12 12 14 18 18 20 23 24 24 24 24 24 24 24 25 25 25 25 25 25
  ironvow        27   14.6   81%   37%   15%    7%   6 6 7 7 9 12 12 12 12 12 14 14 14 14 14 14 14 16 17 17 17 18 18 24 24 25 25
  pyre           27   17.0   78%   56%   48%   11%   4 5 5 7 7 8 12 12 12 12 12 14 17 17 23 24 24 24 24 24 24 24 24 24 25 25 25
  thornweald     27   13.5   63%   33%   22%   19%   2 6 6 6 7 7 7 7 8 9 12 12 12 12 12 12 12 13 17 17 19 24 25 25 25 25 25

Tables where some bot reached wave 20: 27/36; wave 25: 15/36.
